 ac = 6.250e+00;
 bc = 4.362e+00;